phases of 2500 antenna elements 
for inverse design comparison results of array factor in Fig. 7
Original phases : P1
Predicted phases:  P2

  P1                             P2
59.95 		15.61
20.40 		-118.24
-155.99 		127.22
-69.03 		-19.86
93.49 		3.35
115.19 		-131.85
-12.79 		9.76
19.29 		41.37
39.44 		-77.67
11.44 		83.57
101.63 		-137.18
-110.27 		-180
25.97 		-76.73
-114.23 		28.79
-148.98 		-180
-155.80 		3.89
85.83 		180
81.22 		155.51
5.27 		-13.53
-76.82 		180
2.45 		-180
-49.35 		24.29
-95.85 		-23.04
-4.63 		-32.68
80.21 		57.88
-21.32 		67.93
-80.54 		90.38
9.24 		40.48
-168.53 		-8.77
119.10 		-180
-99.78 		-180
-146.01 		-117.46
55.34 		37.12
162.79 		-56.48
138.93 		153.48
64.28 		-141.73
40.72 		-38.32
72.58 		-88.8
41.56 		25.67
-174.31 		162.88
12.33 		-115.87
-155.51 		-178.29
-8.17 		-0.26
-20.72 		18.58
-94.16 		87.69
-158.12 		-32.51
-16.96 		128.61
-148.09 		180
-118.37 		103.99
-175.42 		-115.83
-153.04 		-7.37
-72.55 		-180
-19.47 		87.98
-117.32 		-171.48
67.74 		-180
126.22 		15.35
-148.00 		-150.72
-173.48 		59.56
-61.25 		119.63
-109.10 		-20.55
-60.26 		45.84
118.07 		-33.34
42.66 		-74.4
-88.32 		-14.06
7.70 		163.35
-133.07 		180
-34.26 		-147.82
28.15 		-67.45
23.40 		6.59
41.98 		180
57.17 		180
-72.02 		-113.29
42.16 		148.13
123.90 		64.35
-115.23 		-180
71.34 		-20.81
165.58 		56.97
-32.15 		78.61
15.76 		154.21
-157.49 		-20.01
165.34 		-116.93
-85.04 		110.27
4.14 		90.89
81.67 		110.18
169.94 		-180
163.36 		5.41
167.76 		-53.94
147.14 		-153.3
60.26 		91.86
98.20 		-180
41.58 		-180
-129.45 		-180
61.96 		34.89
57.79 		-180
-78.15 		87.12
-97.66 		14.24
-106.37 		63.57
107.63 		-84.19
-7.86 		51.7
45.15 		-48.21
-154.04 		-180
-76.01 		92.36
90.88 		-29.78
-142.55 		68.33
70.56 		-0.7
-121.09 		-94.99
145.33 		-94.13
167.72 		180
32.34 		72.67
110.64 		-127.57
131.84 		-71.79
39.64 		180
56.06 		19.64
-15.75 		175.08
-98.90 		180
-155.32 		-87.16
-123.90 		-6.45
47.24 		-14.91
110.44 		-36.95
-50.49 		-24.75
108.76 		-159.9
48.67 		-180
-17.11 		180
-18.47 		-37.58
76.16 		-180
66.51 		-180
160.55 		9.21
68.65 		103.17
-98.13 		70.36
-162.68 		103.36
168.72 		56.14
167.10 		7.31
55.63 		-180
36.81 		-107.91
-87.49 		7.54
63.65 		31.08
175.21 		41.85
-99.19 		-13.61
26.14 		71.73
109.59 		-29.54
161.18 		-69.65
158.53 		26.1
-95.79 		155.81
-3.77 		-180
-78.37 		-152.61
116.14 		-67.36
169.64 		-22.17
-0.53 		66.11
69.11 		180
46.15 		-180
-177.94 		-62.75
86.47 		125.34
76.64 		58.93
117.01 		80.82
-118.82 		180
80.01 		-180
69.79 		-145.91
77.10 		-121.66
-72.25 		-44.71
-33.74 		97.09
176.11 		-180
73.08 		134.2
-38.39 		-27.68
-131.64 		35.71
27.33 		-105.97
-65.81 		-98.8
-106.58 		104.27
85.64 		-1.46
-64.57 		-173.21
121.79 		-48.85
-87.68 		-178.87
-26.17 		11.57
160.03 		92.88
-62.87 		0.72
165.64 		80.6
40.51 		-180
-93.86 		147.9
134.42 		-173.41
-73.57 		175.87
-137.29 		-24.32
-130.86 		43.59
-46.16 		10.84
156.87 		2.64
-25.50 		27.02
96.42 		-53.63
163.51 		116.87
34.48 		-180
0.77 		-112.06
8.86 		0.36
-51.05 		-78.05
-139.88 		-160.71
-17.52 		7.73
-58.30 		-4.69
152.95 		-86.33
34.20 		-61.76
-141.89 		-82.85
5.84 		-135.87
25.08 		164.73
6.85 		-180
-146.27 		-152.14
58.44 		-57.19
-165.69 		174.56
-83.32 		-67.25
-119.96 		-38.98
-108.89 		76.67
-99.67 		-180
66.08 		2.34
22.41 		175.97
142.94 		-3.61
160.97 		151.04
-78.99 		-71.92
-50.59 		74.55
53.39 		-49.42
-141.09 		133.17
-168.02 		85.41
141.04 		180
-164.46 		-6.42
24.31 		-69.55
-31.41 		-130.19
-149.71 		-126.47
112.33 		12.83
111.36 		180
-55.24 		-54.47
6.89 		-36.05
62.58 		61.31
-135.90 		-180
-70.09 		111.96
-71.58 		-73.04
-70.10 		113.64
157.63 		-61.83
-142.14 		-121.86
-49.89 		-6.3
-28.55 		16.76
-0.62 		-158.13
135.95 		-76.69
-98.21 		100.05
169.14 		-105.52
152.44 		-1.92
51.82 		-99.03
-68.57 		180
-0.58 		25.61
-114.33 		180
-154.18 		163.18
173.85 		180
-68.85 		169.45
79.52 		-31.12
44.31 		131.26
86.46 		-68.17
2.12 		-180
-21.65 		-36.22
-159.09 		-48.63
-177.69 		-85.94
35.88 		-8.57
-89.77 		28.91
139.51 		139.02
-116.47 		75.92
148.60 		-135.67
44.45 		-16.5
150.59 		-135.1
23.96 		87.71
135.95 		6.13
106.52 		-180
177.32 		-72.07
-74.17 		79.64
-159.88 		-33.9
125.00 		56.32
-20.48 		66.9
44.82 		-61.78
140.01 		146.52
-92.23 		-83.32
116.61 		180
-25.22 		-79.65
8.56 		180
-157.96 		-17.53
-66.63 		180
155.26 		-72.88
-42.63 		144.25
12.63 		-8.54
142.58 		152.02
-146.76 		-63.12
143.31 		36.65
-127.82 		-31.33
-137.20 		-102.53
-109.26 		66.43
-31.24 		-75.77
83.22 		29.94
-153.29 		-67.53
107.91 		-40.95
-169.81 		69.03
47.30 		158.86
117.18 		-15.46
162.31 		123.21
-51.31 		77.59
-155.52 		117.97
-5.99 		99.34
177.84 		20.1
-133.91 		-35.02
146.05 		40.68
-110.27 		-53.35
91.82 		4.27
39.78 		-2.43
-93.65 		-165
-21.66 		51.07
95.93 		29.82
-160.34 		115.83
-115.70 		-180
-115.13 		-48.53
9.38 		-61.67
29.00 		-180
-162.70 		31.66
-26.11 		180
-105.74 		-118.02
-129.36 		87.15
-1.86 		23.35
21.51 		100.16
-59.06 		152.59
0.54 		180
-69.56 		-156.8
-49.61 		-40.62
-164.95 		130.33
-137.05 		-51.73
135.16 		107.37
16.41 		91.42
-85.41 		31.53
61.48 		114.46
-21.94 		23.17
88.18 		137.33
-147.82 		-164.13
-21.93 		-180
52.03 		59.35
162.25 		108.43
104.95 		65.8
120.82 		131.51
-56.87 		-56.57
26.21 		-180
172.37 		-83
122.49 		136.72
-145.29 		180
-116.99 		-43.19
-32.79 		180
56.51 		74.64
115.88 		-59.21
104.45 		53.02
-120.02 		-73.85
-165.84 		-56.99
-43.97 		-175.26
-70.83 		180
-93.51 		-84.44
-45.19 		48.76
154.38 		109.07
67.79 		-180
-29.14 		70.51
84.14 		149.46
-123.69 		62.32
117.43 		-110.59
-172.04 		-4.37
-41.13 		-45.2
174.72 		-11.46
113.38 		-5.65
138.85 		27.17
-124.51 		-11.78
147.28 		-132.2
-108.94 		-28.63
50.25 		15.86
96.52 		80.8
25.59 		91.6
-0.75 		-11.87
118.31 		-23.02
-150.32 		-80.06
91.28 		85.89
-63.75 		-103.18
18.84 		-180
148.79 		-58.48
-117.27 		-16.94
-150.09 		180
-19.21 		-54.99
-95.84 		35.39
77.23 		42.46
64.96 		19.91
-81.07 		171.92
38.80 		-100.6
35.81 		21.54
86.27 		-69.55
59.74 		-109.11
31.66 		21.64
132.45 		-180
-164.70 		-47.55
-54.13 		-68.57
-92.21 		33.78
51.74 		4.8
-31.16 		42.04
165.93 		-180
-169.03 		120.81
153.20 		32.93
152.59 		180
69.34 		26.05
-87.56 		-120.08
-33.11 		-180
95.49 		143.86
45.04 		-108.06
5.33 		-105.98
-104.42 		-156.74
-156.57 		-180
-177.94 		146.95
117.94 		-112.63
164.05 		175.65
35.00 		-36.45
81.00 		180
-36.96 		32.95
33.18 		145.74
42.53 		40.89
101.27 		-52.95
-52.39 		123.64
-85.87 		38.61
64.77 		-180
15.65 		-41.49
17.70 		33.55
68.73 		53.06
-155.96 		-120.55
124.39 		-34.6
23.71 		-96.84
-20.74 		180
-46.76 		-120.79
-136.80 		-45.87
-25.49 		-59.22
-53.64 		1.74
-17.91 		180
-53.60 		-83.24
-114.03 		-180
67.57 		41.15
57.61 		-38.02
46.43 		23.7
-108.72 		-134.71
-17.19 		-180
-172.09 		71.62
98.00 		86.56
-105.93 		28.76
66.38 		-62.49
124.68 		12.46
-171.79 		114.63
41.48 		-86.56
-17.86 		-75.9
173.63 		-39.04
106.95 		180
121.30 		84.12
2.65 		-63.35
-70.74 		119.12
101.18 		55.2
-175.14 		4.31
-150.59 		67.76
94.26 		180
124.72 		29.05
145.05 		-135.72
116.18 		-119.48
-46.30 		-29.45
-91.56 		62.08
-95.34 		-14.61
77.19 		180
67.70 		65.12
57.71 		180
-89.65 		63.62
-84.66 		-129.49
-90.49 		151.49
56.66 		-115.83
-96.34 		180
-133.46 		68.16
62.50 		-174.53
-22.75 		-180
-99.05 		-180
10.10 		80.07
-102.09 		51.66
-171.65 		58.05
-2.22 		6.95
-91.76 		-28.62
-175.44 		-136.12
110.85 		-174
-128.82 		79.83
-10.92 		-180
54.74 		7.19
-136.16 		31.27
-169.78 		180
64.42 		180
-166.70 		-154.81
10.53 		74.35
-79.49 		-61.24
153.79 		-48.44
-6.21 		3.51
77.30 		101.18
-177.29 		22.56
-164.10 		-163.49
171.02 		-11.97
149.15 		-93.5
104.69 		-78.53
73.39 		65.36
-49.74 		-119.34
-13.94 		-123.59
82.35 		-150.93
118.74 		-26.09
-45.10 		-166.94
148.04 		79.88
-21.13 		172.16
-15.01 		7.93
7.11 		-60.33
56.79 		-27.42
-81.24 		-88.33
145.99 		42.74
-39.54 		46.78
60.84 		112.3
-89.25 		145.73
-117.54 		-142.81
-143.85 		48.69
179.06 		54.69
-9.30 		-100.76
101.80 		29.78
67.92 		-156.63
67.17 		-56.41
56.31 		-143.68
13.90 		5.49
-48.81 		104.38
165.71 		107.47
177.45 		-160.82
-5.62 		-18.91
-133.32 		-180
-84.46 		-180
-23.11 		-18.86
-13.33 		49.47
158.31 		-133.07
135.49 		-127.3
173.95 		-108.78
-37.74 		52.58
-157.82 		-27.51
-56.26 		-171.44
19.54 		9.21
-141.82 		21.53
137.13 		48.62
168.01 		167.21
112.28 		180
161.79 		-110.91
-170.09 		16.78
-10.10 		-155.42
-129.72 		-58.4
-30.16 		-140.37
-94.44 		90.48
70.64 		13.37
-117.16 		-61.07
2.63 		-92.92
74.13 		1.47
171.25 		141.38
151.10 		166.08
-156.78 		-19.86
31.74 		180
-122.70 		-73.92
-52.18 		161.12
35.38 		16.16
106.83 		174.98
7.58 		-20.11
-158.87 		-25.22
-78.35 		-180
83.31 		61.32
153.60 		100.04
168.68 		87.41
-15.80 		-76.16
140.80 		-180
-140.49 		-5.45
105.89 		-147.38
-132.51 		-1.06
-133.93 		-169.63
111.37 		-180
-87.03 		52.71
16.61 		19.34
-142.65 		68.89
143.27 		-128.49
-169.27 		180
-8.05 		-117.75
118.47 		103.55
111.50 		-2.34
-144.82 		-51.18
170.86 		180
23.28 		-180
167.39 		16.47
-162.09 		171.04
-32.68 		-165.27
96.36 		40.55
-148.06 		-180
-48.97 		-11.7
-33.39 		29.75
-53.21 		92.52
-127.68 		149.92
90.57 		165.2
-75.19 		-19.9
-81.93 		6.25
15.67 		116.68
169.91 		-73.92
56.94 		180
92.53 		180
65.80 		16.95
-82.13 		-94.97
-169.33 		-89.13
-34.94 		39.62
10.66 		-137.12
-23.80 		42.34
-39.79 		82.27
-162.56 		-105.24
-158.64 		106.67
146.62 		133.91
-151.51 		180
-10.69 		-66.21
25.63 		-123.36
76.94 		-50.07
-129.08 		-111.29
90.52 		1.65
-34.23 		113.85
163.46 		-140.78
137.48 		-180
-39.23 		-52.64
-44.98 		107.01
60.83 		-150.06
-177.38 		-97.12
-172.74 		79.23
-45.04 		-73.19
-84.82 		-10.08
-46.60 		-180
-154.78 		-38.2
-177.47 		3.09
50.98 		-6.35
-148.47 		-13.59
-147.10 		10.13
-54.03 		163.37
26.01 		16.37
-37.80 		-72.58
121.98 		63.69
-127.34 		-145.4
126.73 		36.95
93.64 		180
-30.55 		72.19
162.59 		-62.17
-159.33 		-84.12
-43.36 		-159.82
-61.88 		180
71.81 		-180
-29.07 		180
162.58 		31.57
5.90 		-137.72
28.04 		57.22
-13.29 		-123.81
-48.43 		-29.69
65.83 		-17.04
-174.99 		-180
-132.26 		32.46
-43.60 		180
176.82 		-56.46
-86.95 		-159.08
171.89 		-180
-70.25 		-180
105.36 		132.52
38.94 		-123.4
-125.21 		25.87
-166.40 		-127.96
14.82 		112.31
4.87 		-34.71
55.64 		-42.55
-161.02 		154.56
-8.96 		-84.85
-109.81 		152.97
5.86 		20.56
-129.47 		-180
-132.49 		-1.13
117.92 		-8.46
10.07 		-44.49
44.36 		-153.14
172.29 		-180
18.49 		56.84
61.62 		58.67
44.39 		74.62
-40.33 		-38.09
46.45 		93.46
144.41 		95.85
141.98 		-81.01
-147.24 		-180
-171.33 		34.2
24.90 		-20.61
48.60 		65.47
-153.08 		112.86
97.59 		104.67
-95.66 		13.48
-91.65 		-180
128.71 		58.79
121.20 		68.44
42.24 		69.76
-108.07 		167.99
-6.59 		142.38
105.46 		41.92
133.47 		70.46
-57.34 		-77.91
-119.77 		24.96
52.43 		55.96
98.12 		151.43
147.84 		-42.47
-18.28 		-174.36
-105.61 		-180
-8.44 		-180
-30.54 		64.14
161.58 		-32.01
104.30 		118.93
-146.08 		76.5
-109.48 		75.48
-72.80 		-67.06
-133.29 		102.7
-153.58 		-162.63
111.70 		180
-121.71 		180
-16.81 		-27.86
-15.43 		-180
137.87 		48.34
37.04 		120.27
-137.39 		-61.81
178.57 		-76.59
22.70 		-78.37
75.67 		-25.28
-95.01 		-6.04
147.37 		32.3
15.74 		0.19
-160.54 		139.57
102.19 		51.71
79.79 		72.65
127.34 		77.76
-63.15 		-16.95
-7.76 		13.45
58.00 		83.55
112.15 		180
115.51 		-32.93
-142.87 		30.41
54.95 		82.27
-164.54 		38.74
-48.29 		100.12
65.78 		-42.39
-137.66 		-100.46
-111.64 		180
-147.82 		66.07
-24.31 		-98.27
118.90 		-149.26
-125.11 		-132.02
-61.55 		180
147.91 		130.6
83.83 		-41.08
-159.82 		180
-76.53 		180
-85.07 		119.6
81.65 		180
-24.86 		83.92
-123.46 		43.49
44.91 		-79.92
-51.03 		153.09
54.19 		155.67
107.75 		-76.39
42.60 		180
151.85 		-74.62
-92.24 		-5.42
145.27 		-99.95
-120.81 		-145.7
86.43 		91.34
21.57 		39.93
-123.70 		180
-141.26 		84.59
-108.00 		-30.15
-35.90 		-71.17
-78.73 		105.2
102.08 		-54.12
36.63 		97.76
-108.18 		-34.02
-39.36 		-149.14
52.57 		29.09
-22.76 		67.53
94.69 		155.06
94.11 		92.48
-85.61 		-39.28
-175.90 		-85.82
97.94 		-30.72
60.35 		170.27
116.41 		-42.37
-155.88 		-118.74
174.82 		93.39
45.50 		-74.13
11.16 		180
-32.58 		-18.14
77.51 		-180
-4.72 		-165.57
99.76 		-180
-161.39 		56.71
128.76 		-180
-84.26 		-127.56
102.13 		-137.89
-112.10 		54.39
-123.61 		19.79
55.85 		69.6
-175.02 		-95.66
-94.76 		153.32
-60.29 		-180
167.40 		25.03
-103.24 		-71.02
158.82 		-180
-167.49 		-85.24
-133.49 		92.64
-144.35 		-76.23
16.48 		-16.85
-115.80 		-35.99
-168.55 		126.17
-102.98 		14.52
109.81 		-152.18
127.24 		-13.84
-126.44 		-68.51
50.07 		-180
-7.00 		-1.82
85.09 		86.99
-1.08 		4.36
87.34 		70.01
-167.56 		35.67
-94.89 		180
-26.15 		11.93
175.34 		-13.43
-124.92 		-20.81
-136.25 		-101.04
108.65 		-6.77
83.60 		-115.41
-40.32 		-96.25
-101.88 		83.1
106.14 		-73.49
173.73 		146.84
-147.62 		12.02
162.61 		156.67
-169.40 		34.87
-88.53 		-51.67
121.28 		-26.32
71.66 		37.2
98.24 		-146.23
-19.09 		-127.13
-113.89 		161.11
-45.83 		-74.39
83.68 		-100.47
-172.00 		-45.76
104.04 		180
171.16 		-180
-85.61 		-175.44
-124.65 		164.12
14.14 		-0.02
33.29 		-180
-69.47 		180
92.42 		-180
52.81 		-34.42
-77.91 		39.93
-10.44 		70.34
-168.59 		-147.08
-123.18 		180
-104.75 		-8.17
-26.10 		163.2
32.78 		97.67
-38.63 		-180
114.47 		160.91
172.43 		180
-14.62 		-33.81
-4.28 		-149.16
-39.14 		-38.1
66.29 		133.85
92.75 		34.94
-135.50 		22.45
145.16 		180
169.22 		180
-158.38 		-0.11
-60.22 		7.98
35.88 		-180
136.53 		-132.15
52.62 		82.35
154.72 		180
32.62 		30.11
61.32 		-107.67
-140.56 		-98.03
41.52 		164.84
-138.45 		95.89
130.46 		-32.17
-158.54 		180
-121.92 		-168.7
-54.86 		-57.99
106.27 		22.54
95.48 		83.6
-145.00 		173.28
-27.80 		111.84
-10.17 		49.34
85.49 		159.46
98.28 		-180
3.23 		63.7
-37.76 		32.87
-24.61 		-180
-3.33 		-51.4
151.30 		-92.93
-172.25 		89.49
-87.31 		-4.91
-178.83 		-133.81
-1.03 		40.52
88.37 		-85.27
88.10 		11.15
14.22 		93.5
89.40 		29.99
-10.03 		35.06
166.15 		-105.71
-108.92 		-140.52
-17.37 		180
30.76 		174.39
84.01 		-76.35
-50.19 		180
110.56 		-82.45
49.94 		49.79
-173.78 		-132.88
24.60 		32.93
-136.74 		12.37
93.97 		173.03
-72.87 		-5.24
71.74 		32.13
-63.40 		-148.87
147.86 		-89.36
-19.07 		26.34
-89.98 		180
39.38 		180
29.39 		180
73.38 		42.13
-122.55 		180
-47.83 		-180
-144.22 		-180
157.43 		81.12
158.44 		-180
38.01 		24.1
-123.34 		-28.27
-108.44 		180
57.76 		-83.58
25.23 		160.4
55.22 		-112.11
157.36 		-50.11
168.66 		-114.93
-45.26 		4.72
-0.92 		-21.19
-137.67 		-116.35
-155.50 		-62.58
150.60 		15.03
-168.01 		-180
107.16 		19.29
-49.50 		-23.1
-37.75 		-13.26
-105.31 		-6.32
-167.20 		94.65
-141.81 		-83.8
139.73 		-101.92
-161.86 		99.5
-103.42 		-160.75
-45.77 		-27.62
134.27 		45.9
-169.93 		85.54
-142.23 		-156.66
127.16 		-91.41
116.37 		90.19
96.51 		180
-134.13 		-104.97
37.25 		-125.35
-176.98 		12.9
45.70 		180
101.66 		-91.58
-130.61 		150.83
86.80 		100.23
23.87 		-114.06
24.82 		61.07
81.41 		-106.56
57.71 		180
-24.34 		83.07
38.28 		75.74
151.22 		137.3
-38.87 		-47.81
-79.18 		140.13
16.89 		-26.83
84.22 		115.84
-35.80 		84.51
-106.55 		43.11
-15.86 		55.04
-74.48 		-44.88
-165.25 		180
-14.19 		180
-93.14 		137.97
-91.76 		27.58
-64.41 		-106.72
-21.14 		134.32
154.81 		-114.72
-109.61 		-40.08
156.75 		27.69
-157.17 		-128.23
152.60 		35.18
64.94 		114.11
-52.14 		-141.15
-118.19 		-155.85
-140.52 		180
133.04 		26.77
-69.33 		6.65
78.38 		-85.64
-64.19 		180
-113.59 		-89.97
-52.90 		111.88
88.25 		32.78
29.75 		7.2
156.04 		-180
-120.79 		-77.38
94.49 		24.22
179.11 		-120.16
29.37 		8.98
-38.19 		23.84
22.87 		21.34
-134.49 		-112.56
-176.26 		-2.27
31.49 		17.25
-48.35 		-138.78
-50.81 		46.92
-88.76 		58.35
-97.81 		62.63
129.82 		106.42
47.65 		-84.93
-148.18 		180
125.38 		-57.35
12.69 		-65.87
-60.10 		-167.53
-67.60 		-102.64
-125.32 		-162.65
-91.88 		-76.53
-95.95 		145.28
90.94 		-168.37
-148.01 		-180
-85.31 		40.83
-103.09 		-137.07
0.48 		-180
-146.67 		180
77.75 		145.25
129.90 		70.03
102.29 		180
8.67 		-55.58
125.07 		98.66
-158.66 		12.29
31.51 		148.96
31.14 		-150.52
171.38 		-107.29
-50.11 		49.73
-175.20 		49.47
159.89 		92.93
165.08 		33.27
103.77 		180
-68.04 		180
-65.49 		34.99
17.34 		-155.3
-32.74 		-46.89
-18.47 		102.66
82.99 		-48.02
24.09 		54.29
67.83 		-76.86
48.81 		-143.79
-59.53 		-82.37
146.36 		19.29
79.94 		-158.8
-71.40 		153.91
-87.22 		29.05
-8.17 		-180
7.90 		50.08
33.92 		108.42
32.38 		-34.88
19.36 		164.75
-161.10 		-65.92
44.26 		6.02
-173.97 		-57.96
129.27 		-75.8
166.07 		-88.1
-46.78 		-49.58
47.87 		-166.23
160.94 		32.03
-173.04 		180
-89.97 		139.24
-75.45 		98.52
-135.97 		-40.57
70.14 		76.2
-117.36 		6.88
-54.24 		180
35.24 		98.84
-4.27 		180
67.87 		-144.34
65.43 		81.06
-73.02 		132.12
-105.50 		-95.84
129.08 		-108.98
0.40 		-110.18
-79.39 		-86.19
-108.44 		-62.37
-136.50 		8.66
169.53 		180
68.42 		91.85
-163.46 		-102.5
-11.72 		9.24
-171.97 		80.22
111.93 		-31.53
88.39 		-34.86
80.67 		180
-150.53 		-2.32
-94.19 		-180
-160.09 		124.91
48.41 		99.15
-141.77 		180
129.79 		50.52
6.50 		-114.22
71.16 		-18.24
64.52 		132.98
154.74 		-77.41
-88.64 		-35.36
93.73 		-7.17
173.60 		65.92
-98.67 		102.87
97.44 		170.43
-131.66 		180
-59.89 		-56.17
-94.98 		-68.06
11.93 		180
151.30 		73.37
176.61 		33.39
40.15 		-131.05
104.94 		77.25
66.39 		56.77
119.55 		142.86
-92.69 		68.15
19.83 		132.35
140.40 		-152.61
-128.02 		-164.89
10.87 		-180
-103.50 		107.92
-46.19 		-13.27
155.28 		93.27
62.94 		-63.59
163.67 		-127.55
-117.97 		-180
141.84 		180
44.55 		-180
31.12 		114.27
148.57 		55.05
114.73 		63.32
29.96 		177.67
-104.85 		180
-90.99 		-128.77
-165.95 		-180
-26.44 		-180
-67.80 		69.59
-40.08 		-109.32
-87.56 		-73.86
-122.30 		50.88
108.85 		-180
-115.29 		103.58
-78.91 		-31.39
50.46 		-161.06
76.13 		61.8
-20.25 		-136.71
99.00 		52.64
-138.26 		180
57.28 		40.66
-154.98 		-46
27.85 		-23.6
-21.19 		55.97
127.63 		-33.3
-143.18 		55.04
40.11 		-24.06
-171.12 		-47.12
136.89 		9.86
56.16 		-75.18
-39.15 		53.19
-115.76 		-40.43
-91.29 		158.84
17.72 		-41.58
126.76 		-101.81
-138.50 		84.73
-69.57 		119.29
-177.42 		-180
-153.18 		-180
106.39 		-16.83
80.78 		1.83
-75.31 		-180
136.85 		78.25
43.62 		180
-122.39 		-152.31
78.80 		154.88
-97.18 		89.13
4.89 		114.87
163.52 		-95.64
-114.05 		-58.39
-33.93 		47.05
165.53 		81.71
-149.43 		115.5
118.38 		76.54
113.00 		-99.73
131.55 		-68.37
-73.99 		-8.57
-63.79 		-107.88
-97.40 		-116.02
60.97 		-60.87
-32.44 		-108.88
-92.29 		-59.77
49.85 		-37.18
94.58 		-102.29
-74.16 		-61.35
-149.10 		54.99
71.30 		-180
-109.88 		-38.66
125.38 		-10.43
84.98 		-180
-61.48 		40.26
-25.53 		-149.42
167.60 		180
95.27 		-167.87
-149.82 		-63.45
-70.31 		-180
-77.65 		-91.28
-108.33 		-35.98
86.18 		151.4
-33.41 		180
164.46 		33.16
25.28 		6.24
56.65 		67.18
148.13 		-180
3.83 		106.37
159.43 		-29.18
-121.61 		118.32
-79.85 		-3.81
-30.55 		50.1
164.62 		180
5.81 		-98.2
-86.27 		138.35
4.89 		54.44
55.01 		65.36
-23.13 		-180
-143.96 		-24.48
-134.68 		35.46
120.45 		12.54
-86.69 		139.25
-151.84 		83.57
-53.00 		-2.42
-43.92 		-158.18
134.08 		-180
-149.59 		180
-87.80 		-98.27
-96.89 		180
64.51 		48.08
-65.14 		33.21
-25.19 		103.25
117.22 		79.71
10.01 		13.52
-153.96 		0.51
-134.73 		52.53
67.79 		33.08
-16.26 		-32.23
153.57 		-180
92.34 		-65.57
69.78 		82.95
-6.22 		-180
-118.74 		-15.68
-96.47 		-155.89
-149.03 		-123.67
64.49 		146.49
52.35 		43.69
146.65 		102.85
-37.11 		90.47
169.65 		30.78
81.47 		-4.66
119.82 		-25.2
65.71 		-180
59.82 		34.91
-78.13 		-39.07
-73.23 		-10.85
-167.02 		-18.73
134.89 		-5.92
172.84 		180
-68.88 		-28.99
138.93 		58.08
77.56 		-111.87
103.87 		-108.39
-153.59 		-23.88
-48.46 		-139.51
-125.83 		-67.29
101.23 		-29.34
-154.09 		69.83
-168.91 		169.3
-129.93 		-180
84.81 		-6.15
-125.46 		180
175.75 		92.02
86.71 		-180
-83.69 		25.87
-162.26 		-110.89
-49.10 		69.08
-70.56 		-80.77
25.18 		180
-12.54 		162.92
-94.48 		106.05
101.42 		-96.8
1.12 		107.63
-99.79 		50.04
117.70 		69.15
111.11 		-12.16
-64.94 		2.23
-145.26 		-138.13
56.25 		-131.71
174.22 		86.54
160.20 		106.88
72.29 		75.01
-146.75 		-150.69
172.63 		-107.83
137.54 		77.21
-4.58 		33.41
-82.01 		-120.36
-123.37 		110.95
178.44 		-180
91.01 		-111.75
-81.83 		-88.41
158.19 		-132.52
155.46 		-43.58
42.55 		180
-92.71 		-13.61
-56.03 		-12.11
-109.48 		180
17.24 		-114.36
130.88 		-180
-117.07 		116.61
64.78 		-33.92
-61.64 		-58.85
117.32 		19.39
-45.87 		138.14
98.10 		-123.35
-48.23 		40.44
-171.93 		-180
38.67 		-163.59
122.87 		-180
53.45 		-84.63
81.19 		136.35
172.31 		88.88
-124.11 		99.05
-55.66 		180
-17.57 		-52.64
141.65 		-18.83
-123.69 		-58.2
130.55 		105.35
28.36 		-83.37
24.80 		-98.34
37.73 		102.91
-169.17 		-148.17
35.95 		29.44
-90.13 		19.91
29.83 		120.76
-130.80 		-16.77
-28.67 		-20.77
63.37 		-34.2
-32.17 		-10.28
90.61 		94.42
20.93 		-103.78
-45.64 		-58.92
-148.26 		48.41
12.55 		-180
10.25 		87.76
-100.36 		-170.61
-68.55 		25.78
82.93 		2.88
-18.56 		-180
-68.00 		-119.12
-160.59 		-104.84
133.41 		-66.55
103.95 		-37.88
-59.18 		7.03
118.96 		-48.85
-160.85 		-84.07
71.48 		159.31
-116.85 		67.93
-157.15 		111.13
114.99 		-84.54
54.52 		180
-147.88 		-167.89
-177.54 		122.86
-14.73 		-94.46
46.17 		-180
131.52 		180
-55.15 		107.9
-100.98 		33.83
27.25 		133.42
15.82 		-55.7
-157.91 		-27.73
176.39 		-0.35
45.47 		-118.69
-156.37 		-64.16
-53.09 		-86.57
-135.09 		-161.85
-115.91 		-180
-100.44 		-62.75
23.10 		53.89
45.50 		-145.57
-53.49 		-180
96.77 		54.85
-17.89 		-144.97
-60.80 		-136.83
-168.99 		-27.41
-22.91 		-167.56
-84.98 		24.2
-169.46 		180
-116.59 		-180
-37.26 		180
-129.89 		60.43
-149.45 		-67.13
-140.88 		180
15.45 		158.47
-58.31 		43.16
-156.63 		96.49
17.30 		-32.27
-143.53 		-87.12
-4.42 		-140.86
35.98 		10.98
-53.31 		24.5
-59.71 		-121.75
26.35 		90.14
-13.57 		-9.22
88.78 		35.18
141.33 		-119.8
20.54 		34.95
149.98 		-165.5
-61.51 		13.71
-59.26 		-33.98
-130.62 		166.91
167.70 		-89.06
142.46 		115.95
51.39 		-56.09
-133.75 		-138.38
100.54 		180
-103.43 		180
-85.03 		180
-5.18 		-65.51
-12.46 		29.12
-80.19 		-81.77
71.85 		65.11
-34.83 		65.36
-67.00 		139
19.09 		-1.73
47.40 		-158.54
78.23 		-180
87.53 		-28.39
-70.82 		-49.2
99.32 		-74.97
52.92 		-79.85
-105.06 		-36.18
172.40 		-92.02
83.61 		102.84
162.30 		28.03
-78.39 		46.53
-72.95 		113.92
-48.51 		-45.09
-99.43 		97.78
-91.19 		-91.47
-75.50 		-5.54
35.27 		-159.86
-119.58 		-180
28.16 		-180
-77.10 		-160.81
113.74 		-35.18
-146.50 		8.55
-178.91 		180
122.78 		105.77
52.77 		-24.48
-82.43 		0.95
-162.78 		-180
-175.95 		-91.3
-34.27 		180
124.24 		77.85
75.69 		-6.71
-109.14 		-69.53
-56.19 		-166.57
4.59 		51.85
-125.80 		180
113.42 		-88.93
162.19 		12.25
-133.44 		180
162.84 		-89.17
109.06 		180
-61.39 		118.22
153.33 		-129.94
-115.00 		-12.12
10.52 		2.29
31.99 		-180
-50.59 		42.68
-27.97 		102.28
96.12 		106.88
-164.03 		180
102.35 		157.82
23.51 		-180
44.71 		-180
130.23 		180
-85.55 		56.2
-172.65 		135.91
80.02 		-176.92
-129.78 		3.37
-166.96 		-29.86
-92.29 		-6.89
-108.66 		-162.33
-15.35 		-180
-168.03 		93.98
-99.13 		180
9.38 		-180
19.68 		-58.84
57.94 		83.72
-47.63 		-115.69
-164.68 		-91.39
139.46 		-180
-96.27 		32.34
154.14 		-146.32
-175.13 		180
81.71 		97.1
-109.34 		-180
68.47 		0.16
99.16 		7.73
-80.38 		118.68
-57.57 		-94.97
-148.13 		-15.39
85.67 		180
-137.74 		-180
-146.42 		142.96
36.17 		79.93
62.43 		131.9
-14.12 		3.03
-101.91 		81.97
91.79 		115.57
-21.95 		180
34.32 		-176.57
-20.75 		7.03
-143.26 		180
159.20 		-165.66
-51.59 		-38.68
-10.40 		180
-23.38 		53.45
-178.47 		39.59
-39.29 		167.45
-41.06 		101.13
-169.49 		43.58
-77.69 		180
-172.96 		-5.76
1.65 		-127.26
-135.02 		39.21
8.43 		-23.51
-131.56 		-107.2
14.59 		53.52
-176.69 		-59.74
90.67 		-71.94
115.70 		-113.83
-29.07 		-38.08
-141.96 		-81.94
-16.21 		-31.36
-169.81 		-82.64
80.52 		-180
90.51 		180
-47.62 		180
-144.07 		128.11
166.63 		-4.82
59.01 		-170.5
-109.44 		105.38
-88.25 		-180
137.55 		-180
139.59 		180
-113.44 		-180
12.88 		-18.29
87.96 		37.16
-138.89 		75.06
34.05 		51.85
164.55 		-180
-101.74 		-156.13
-128.26 		-42.91
17.47 		-98.07
16.79 		-13.09
-81.68 		-125.3
38.63 		180
24.04 		-143.12
42.54 		-101.53
-86.57 		-44.11
129.01 		180
120.30 		-27.96
-148.63 		-165.52
-20.25 		83.85
-158.01 		-1.18
-46.70 		62.68
174.00 		56.83
166.39 		39.72
9.97 		31.64
102.43 		-8.83
39.28 		120.03
-121.99 		164.35
-152.76 		-24.89
21.44 		-85.36
-174.65 		-31.7
176.83 		85.93
0.23 		179.89
88.15 		-110.81
51.49 		180
152.02 		-89.06
124.03 		84.54
-18.58 		132.63
-107.85 		-61.53
41.91 		61.13
-19.67 		-48.22
-130.81 		169.19
30.48 		-78.38
69.77 		-70.94
-167.74 		180
-142.31 		106.33
-151.98 		-21.71
-113.84 		-92.5
169.52 		66.43
168.81 		20.09
-177.16 		-32.48
-109.78 		-15.4
-34.79 		123.86
-175.00 		-171.14
4.40 		54.31
112.61 		-106.5
112.08 		77.54
-77.94 		-58.47
121.81 		35.68
9.42 		-126.8
69.57 		-36.69
-121.06 		145.75
-165.58 		180
145.03 		-154.96
-117.27 		-90.22
50.93 		-59.21
-105.73 		-30.19
134.28 		-173.56
57.95 		-13.91
-77.96 		-121.25
-112.15 		-133.53
-44.93 		23.49
-165.43 		13.49
-145.95 		-1.98
-135.06 		24.21
12.16 		180
-127.33 		142.87
46.06 		-6.04
16.15 		-81.67
-103.75 		-98.13
-9.73 		28.75
94.30 		134.54
-177.37 		180
-12.17 		9.71
104.50 		0.35
135.46 		-44.78
-142.38 		-33.71
-44.77 		53.07
-61.28 		-180
23.65 		47.91
42.25 		-180
-92.41 		102.49
60.63 		43.1
-156.20 		-36.47
-104.96 		75.57
68.50 		60.82
99.27 		129.18
105.07 		89.83
97.57 		63.52
-69.27 		-72.59
-124.89 		180
-119.82 		50.75
-134.60 		-111.39
58.21 		125.22
-175.72 		51.21
170.65 		-130.92
-27.24 		-135.74
-161.62 		87.78
38.22 		24.99
-75.44 		-55.64
-36.56 		-180
-175.26 		-68.34
-51.14 		-70.25
-137.43 		64.61
-143.61 		-43.84
114.66 		-15.2
-79.64 		46.38
29.97 		-9.52
-113.25 		-49.34
94.78 		-171.51
-45.49 		-174.52
-86.23 		109.47
155.47 		60.48
130.01 		-126.75
97.34 		104.49
93.06 		-15.58
124.01 		104.24
-1.27 		172.01
92.19 		-122.59
2.88 		-115.4
-88.16 		-150.97
167.85 		180
-21.09 		71.09
159.95 		25.5
-116.86 		154.88
-21.12 		132.96
-3.06 		85.14
-8.40 		100.84
-12.44 		180
106.77 		-180
-42.06 		-36.09
7.13 		167.52
81.41 		81.99
168.67 		-64.15
-53.51 		123.15
59.71 		76.73
179.20 		-180
172.31 		32.72
-174.07 		132.59
-152.96 		10.8
-63.17 		115.44
-179.84 		-167.56
163.61 		-156.23
124.51 		-21.97
77.04 		23.5
140.42 		-180
82.97 		64.82
74.78 		-149.37
-107.02 		108.14
-69.85 		-19.39
20.16 		-110.58
-133.25 		180
158.09 		-15.31
-40.00 		135.83
151.50 		129.52
124.52 		-92.16
-144.47 		-36.77
49.52 		154.87
-86.87 		-59.72
102.14 		-180
-98.58 		57.59
-8.24 		20.69
121.25 		58.63
-150.13 		-46.02
-55.95 		-150.13
-16.47 		71.21
-8.27 		34.89
-175.70 		-126.33
30.09 		-180
90.69 		58.67
1.17 		-133.69
166.33 		-58.75
179.60 		129.49
94.09 		-6.71
-97.58 		71.67
87.01 		-103.39
31.11 		42.98
59.35 		-168.09
104.06 		39.48
-50.64 		-73.41
145.22 		-17.44
-49.19 		28.96
-44.99 		68.17
53.31 		-86.2
-151.61 		-18.1
96.39 		41.53
163.87 		-39.65
96.05 		-180
156.01 		21.83
-164.72 		-180
-29.37 		-99.98
-149.16 		-16.95
-140.64 		178.01
-124.10 		5.41
-72.50 		-64.36
41.29 		-54.05
174.22 		-20.31
54.32 		-37.36
82.54 		-180
-10.35 		67.55
-57.50 		-149.58
78.66 		-114.96
-168.48 		-171.1
-121.33 		-46.83
109.75 		61.51
-151.79 		-180
41.26 		-109.07
-27.72 		113.29
-121.07 		-14.52
-70.22 		-88.89
-92.77 		-180
28.62 		150.81
-168.28 		-164.62
-149.34 		-4.3
-54.90 		111.38
93.99 		47.94
-121.35 		53.57
177.26 		-161.1
46.21 		-12.67
-132.68 		180
94.47 		-180
-77.49 		-9.28
78.09 		13.89
-61.44 		-108.57
-77.76 		-180
-64.61 		119.38
-162.24 		41.72
-63.25 		84.11
-112.10 		87.03
-70.95 		-107.92
-20.24 		180
-130.94 		-180
12.34 		180
-142.37 		-159.2
132.97 		-127.77
-125.02 		180
66.68 		-160.5
-25.53 		-172.28
95.99 		-124.32
-152.48 		-53.71
138.92 		-121.4
115.07 		3.71
114.09 		-180
85.26 		39.95
-138.36 		42.53
-119.14 		46.33
-113.11 		-53.36
-112.65 		92.48
-17.93 		156.5
125.05 		-63.23
81.53 		-65.61
-96.01 		35.52
-8.45 		-55.56
-137.88 		-71.13
-166.87 		-105.93
-78.57 		-103.42
68.78 		-180
40.01 		-180
60.73 		165.3
-154.11 		38.96
48.19 		-81.32
-24.91 		-84.87
103.60 		126.43
171.02 		180
-165.39 		44.53
59.07 		180
22.92 		-77.08
-117.34 		44.19
-155.23 		-155.96
-132.75 		-146.79
134.21 		-68.68
-175.62 		-147.24
158.59 		-134.29
-32.90 		180
-69.77 		-180
-169.58 		-21.73
-74.62 		-84.32
-54.01 		180
138.40 		180
1.34 		134.58
-138.58 		72.32
-124.20 		130.84
-15.64 		-37.62
-140.49 		40.48
-175.36 		-75.61
95.19 		140.32
24.58 		-38.87
25.38 		3.06
-55.59 		-18.06
-25.36 		180
-28.41 		21.01
170.82 		53.83
-63.01 		118
-43.24 		-38.92
106.07 		-172.46
-115.80 		-27.2
-173.17 		-64.55
121.78 		48.68
23.25 		-180
51.44 		-139.7
152.29 		-180
-42.33 		180
-18.26 		-78.79
46.11 		81.81
17.78 		79.03
33.05 		-35.11
25.15 		138.66
134.07 		24.39
156.62 		180
75.72 		-94.7
11.11 		44.19
25.90 		-180
132.53 		-3.76
-115.93 		33.45
-148.59 		-138.01
116.31 		-180
167.45 		56.66
-178.60 		21.75
-33.41 		63.57
126.63 		-5.5
4.54 		180
-42.31 		147.39
-95.29 		180
-70.78 		-93.3
-165.89 		40.9
-164.27 		32.75
87.96 		-180
148.20 		172.42
13.95 		180
-13.54 		20.43
68.89 		-126.83
-129.25 		2.62
163.71 		80.24
-41.15 		-47.12
-142.30 		180
50.75 		-1.44
-71.34 		-52.91
8.34 		60.94
-144.12 		-116.27
-157.56 		-180
121.52 		-180
146.79 		3.65
129.35 		47.55
-30.85 		-150.19
-51.90 		-3.11
-173.15 		-73.01
135.63 		-180
29.77 		-97.48
97.19 		-60.77
7.91 		-109.01
100.01 		-87.93
-84.76 		149.46
60.36 		-28.76
-62.92 		-51.68
-149.50 		-79.37
32.32 		61.56
-59.38 		3.88
119.39 		180
-178.46 		-20.57
114.70 		-89.21
-120.61 		-180
-165.04 		-19.35
114.86 		88.67
-15.06 		-105.38
-28.14 		-125.99
90.10 		-118.91
134.36 		180
61.79 		-5.25
144.56 		180
11.20 		140.01
-85.90 		180
-6.38 		110.9
98.52 		-26.54
-120.94 		56.81
131.96 		-96.73
-172.10 		-180
-45.86 		126.19
-47.83 		-58.49
64.88 		-143.35
-151.85 		-157.15
15.08 		-5.6
-138.91 		-80.9
92.22 		171.09
46.58 		-25.15
-70.41 		124.05
121.31 		50.19
-130.18 		-0.16
-143.83 		-53.02
105.63 		45.37
162.36 		79.65
155.20 		163.4
-136.53 		53.86
-5.91 		-138.57
86.10 		36.19
-78.08 		-33.31
-115.85 		-77.69
-95.27 		77.41
-39.38 		142.5
49.59 		-8.32
-8.19 		180
58.49 		-118.68
-21.88 		73.87
17.53 		73.31
48.69 		180
-91.15 		-124.46
31.69 		-68.42
-150.77 		-160.79
-3.39 		119.13
35.06 		-84.01
44.59 		-180
81.84 		-114.11
-73.44 		-180
112.47 		-180
11.86 		-58.04
-83.40 		-34.9
-55.10 		92.29
46.94 		151.74
-56.87 		-13.51
0.06 		-138.68
150.08 		-64.08
69.28 		86.82
83.48 		106.82
-98.89 		51.38
-154.84 		11.13
-101.52 		-16.04
157.29 		165.48
77.93 		81.57
-30.03 		-169.83
-174.56 		-30.76
78.82 		94.78
70.28 		-82.05
-163.25 		42.2
156.61 		-15.24
80.57 		-147.15
134.53 		141.07
-93.80 		-40
-96.88 		39.26
9.90 		-180
-69.68 		-108.66
48.55 		-114.98
-141.93 		17.94
174.49 		43.16
-152.51 		-180
-168.83 		-70.37
-89.83 		-23.74
-40.01 		-77.61
-67.54 		-106.76
42.18 		-180
46.46 		1.63
-15.12 		162.79
83.46 		-140.92
139.14 		113.3
-108.24 		11.43
-150.69 		-110.47
159.00 		-121.69
-85.33 		168.78
172.24 		46.01
-98.77 		-180
-130.06 		-39.87
-102.34 		180
27.07 		128.67
91.88 		180
86.22 		-180
-140.20 		35.61
-121.28 		-180
-142.76 		-142.94
107.47 		-83.44
-145.41 		-15.83
115.82 		78.88
-153.36 		52.12
152.16 		-64.51
-102.57 		83.1
-176.34 		128.95
43.81 		109.85
-74.52 		-150.66
-83.37 		82
97.25 		-174.8
-167.67 		-159
-92.09 		-46.46
-1.74 		93.3
-43.43 		-5.55
-53.50 		55.75
166.32 		25.04
156.72 		88.15
-1.89 		55.95
98.03 		81.82
-62.91 		-50.28
163.78 		-123.77
151.63 		32.27
80.69 		-3.78
135.40 		180
95.47 		53.36
30.09 		160.74
-101.26 		-88.02
-14.84 		-2.91
85.97 		88.9
177.18 		-66.85
-145.83 		12.12
7.94 		-48.39
132.02 		33.33
148.02 		-7.35
160.42 		180
-127.18 		-130.65
131.87 		-62.06
-174.58 		0.11
77.34 		-136.51
32.27 		-169.15
49.44 		180
155.76 		-157.99
-164.92 		53.32
-27.81 		180
-40.58 		-21.26
-57.67 		11
135.34 		-180
-65.49 		-68.08
33.32 		-85.85
80.46 		-123.46
4.03 		180
-52.63 		-80.6
165.61 		-56.61
84.79 		57.68
141.38 		-36.28
-9.55 		180
53.05 		-100.99
128.58 		-12.33
-113.03 		-78.18
-59.07 		55.53
-62.32 		-78.7
-135.87 		-2.28
-47.94 		-59.12
52.24 		18.29
-121.99 		-163.21
-5.77 		-87.44
17.08 		143.3
11.95 		126.12
-134.42 		-117.72
-85.49 		161.04
141.09 		-30.81
0.73 		-180
-85.36 		-180
-162.08 		180
-80.19 		5.68
-51.61 		123.44
86.51 		-161.43
-24.57 		-53.97
83.08 		-98.19
49.43 		49.09
-126.70 		-149.65
170.12 		143.18
-40.47 		-58.79
-20.72 		93.86
173.98 		79.24
-153.18 		165.7
-134.82 		66.85
-44.70 		-89.72
-28.92 		103.75
-45.71 		32.67
-13.09 		5.42
-140.59 		83.76
57.32 		161.96
157.24 		180
73.15 		-115.57
-135.80 		-5.65
13.49 		68.88
-56.85 		-11.75
103.12 		-131.05
127.97 		70.86
-74.79 		-41.25
-31.42 		95.88
-151.35 		106.31
-112.24 		111.62
50.29 		-109.97
-8.41 		-65.13
-178.10 		-180
-27.41 		-180
-150.24 		68.95
-121.66 		101.36
91.36 		-39.92
-5.65 		-84.62
174.23 		106.2
176.84 		62.09
133.93 		-88.6
-168.89 		-103.46
-105.05 		35.59
-95.41 		13.33
103.88 		-180
-22.12 		159.04
81.79 		37.19
-156.72 		-37.86
-93.35 		11.02
168.89 		63.98
58.00 		71.41
12.49 		65.44
113.16 		-135.15
63.04 		180
157.83 		60.65
-173.38 		170.35
-49.10 		-122.17
43.87 		100.73
12.40 		109.29
-129.58 		38.95
-76.17 		47.6
-173.62 		180
-96.67 		-34.96
-153.46 		-180
-106.20 		-61.4
47.86 		11.39
-174.70 		180
-104.63 		-154.28
36.84 		180
-126.20 		-180
174.62 		17.12
-51.62 		39.97
-126.42 		-21.46
62.10 		-52.39
-154.14 		128.42
-158.03 		-180
-165.47 		142.81
61.01 		-83.9
-130.77 		-180
179.14 		-75.87
42.01 		104.95
-110.00 		124.24
173.52 		105.17
147.73 		5.95
-59.40 		-88.11
139.15 		-71.13
5.18 		-109.58
47.41 		-77.97
174.37 		-178.28
-20.32 		158.28
123.15 		180
36.47 		-180
-20.91 		-7.82
-163.52 		180
-156.38 		-90.88
-42.09 		-180
84.69 		-95.51
-65.09 		-136.17
113.41 		89.65
-63.24 		180
110.48 		-106.4
147.28 		-70.52
-43.73 		95.76
149.81 		-70.88
49.61 		-180
-53.35 		96.91
-28.81 		-75.66
4.34 		17.13
-49.14 		-148.86
-55.53 		106.35
9.48 		180
-103.81 		42.57
-39.26 		93.48
47.54 		47.3
178.27 		-41.67
-43.57 		97.97
-84.74 		-180
-37.13 		78.07
151.46 		117.78
-79.57 		32.53
163.48 		-180
-15.97 		69.22
84.67 		-129.81
46.38 		-41.68
-40.67 		134.22
-82.91 		180
-55.45 		-50.99
87.50 		72.35
157.28 		7.56
98.05 		111.5
-179.84 		-102.77
-26.45 		-72.81
166.25 		7.95
100.72 		32.05
168.90 		29.47
158.14 		102.66
120.52 		-44.74
-18.59 		-91.58
152.45 		161.11
86.13 		-67.82
91.31 		-99.03
-39.58 		-180
19.01 		24.87
15.46 		25.41
-131.98 		180
-92.97 		65.82
20.76 		70.46
9.08 		-180
52.96 		-113.98
147.26 		-115.47
130.51 		87.6
-55.13 		-105.61
-115.34 		54.42
59.21 		-41.32
146.47 		26.49
145.45 		35.34
-149.57 		21.74
111.61 		-180
138.97 		-29.54
-87.67 		-135.6
146.02 		-180
151.21 		51.75
-60.64 		34.73
62.70 		-81.41
-137.47 		-37.37
34.48 		-122.81
-42.50 		-96.54
2.95 		-84.88
-3.76 		161.95
-157.89 		-150.67
-68.66 		-23.26
146.79 		-180
-75.36 		-31.59
-132.33 		10.49
-3.11 		180
47.30 		125.28
-36.37 		-180
-27.04 		-42.52
-28.28 		-29.5
97.49 		10.66
95.07 		85.01
-8.24 		-115.31
-146.29 		156.31
162.91 		180
-37.77 		41.55
-161.64 		-36.69
4.74 		21.79
-60.69 		-7.59
-125.46 		-114.88
-134.31 		85.38
132.33 		-103.31
-115.66 		-19.74
3.33 		71
-110.54 		83.46
15.21 		-120.78
-108.25 		126.14
-17.05 		49.56
-141.74 		114.6
121.45 		36.82
143.34 		110.9
-168.23 		25.52
-104.30 		-50.72
-39.53 		126.12
120.64 		-180
-168.21 		-162.51
149.99 		-180
167.36 		-166.68
152.83 		-59.37
-99.96 		-105.62
-101.15 		142.97
-24.32 		118.26
-110.43 		-50.7
140.53 		163.31
-160.02 		-151.6
-147.23 		-73.16
162.16 		-124.47
104.19 		-7.82
-169.61 		-30.04
20.87 		-12.17
-154.10 		114.91
-139.12 		180
124.76 		46.82
-179.02 		-31.43
83.55 		27.5
131.39 		-81.27
101.78 		180
17.97 		89.49
17.85 		57.22
-6.38 		4.57
-46.62 		180
8.80 		79.09
106.33 		62.39
85.00 		-180
171.97 		180
27.73 		28.48
99.18 		53.2
86.53 		118.34
-95.66 		-77.88
-113.51 		88.57
110.26 		180
-25.07 		-51.58
1.52 		-52.85
-47.04 		88.97
-116.41 		-148.38
179.69 		180
91.33 		-180
117.84 		77.27
-81.94 		-40.27
-56.72 		5.21
161.10 		-180
105.50 		32.92
128.67 		-84.22
-7.29 		-180
-13.60 		-20.92
161.54 		11.64
88.54 		42.63
128.72 		132.67
-139.69 		18.25
69.76 		87.2
90.74 		-111.45
-118.94 		-124.44
74.07 		6.85
163.24 		-8.36
-81.29 		173.3
99.11 		180
-151.51 		26.33
-130.28 		-145.92
40.73 		21.51
171.76 		-180
168.90 		70.99
-0.94 		-157.51
93.34 		8.72
6.28 		134
68.32 		180
-106.34 		-22.48
-128.16 		-180
-60.96 		-180
153.04 		45.46
35.15 		-180
-168.91 		180
176.86 		-92.64
147.79 		-41.68
130.31 		-105.65
51.60 		180
31.70 		-133.34
4.32 		87.27
-75.01 		158.77
57.77 		24.65
-59.02 		-5.39
-52.59 		180
47.30 		87.96
103.03 		108.28
21.82 		180
-79.77 		92.76
26.30 		8.97
86.47 		-122.53
-99.50 		-35.28
165.04 		120.43
145.97 		87.17
-9.54 		180
164.09 		-119.09
-176.13 		-169.24
34.42 		-84.3
-45.59 		-107.44
156.24 		180
176.77 		63.76
-9.47 		-151.39
101.20 		46.62
-90.59 		65.82
178.77 		83.33
-38.44 		-161.28
27.82 		164.21
-126.72 		44.95
176.18 		180
-160.64 		-29.53
-128.60 		-136.94
16.29 		102.24
-29.42 		-32.36
166.47 		-24.81
75.33 		152.72
-12.24 		-45.36
-35.95 		-134.14
-129.69 		-40.47
-148.46 		-133.08
130.09 		180
-151.53 		-11.1
165.25 		61.47
-0.06 		-180
-54.97 		-180
19.23 		-22.51
87.63 		78.18
-164.07 		-121.54
-87.87 		-180
50.16 		180
-119.42 		-150.82
48.43 		-82.21
75.72 		-67.78
113.65 		-106.09
98.41 		23.52
147.91 		-180
-39.58 		-99.16
-43.95 		26.89
102.67 		43.04
120.97 		161.2
-60.47 		63.4
-46.17 		143.49
-127.79 		89.14
117.18 		-180
-101.74 		-180
-2.03 		25.55
94.00 		-57.92
70.86 		87.32
-127.96 		-180
-166.18 		41.37
69.41 		132.38
79.85 		39.64
157.81 		-180
-20.11 		-180
-82.08 		78.68
-148.21 		95.85
-115.92 		-180
-123.48 		29.29
-119.18 		11.66
-119.56 		-66.57
-115.61 		180
-85.69 		42.93
135.48 		-118.73
-41.61 		-2.6
-125.88 		180
128.88 		-95.18
178.42 		-32.22
50.79 		86.2
-105.61 		41.87
165.80 		62.49
-123.68 		51.2
51.64 		-163.06
80.79 		14.16
142.09 		-172.3
45.10 		7.53
47.65 		-13.62
14.52 		-10.6
-13.99 		161.99
38.39 		136.01
-112.39 		-41.78
127.34 		-120.48
8.84 		-145.08

